# Stereo camera calibration report
# Generated by kinect-stereo-calib - MRPT at Mon May 12 11:56:38 2014
# (This file is loadable from rawlog-edit and other MRPT tools)
# ---------------------------------------------------------------------

# Left camera (IR/Depth in Kinect) calibration parameters (and 95% confidence intervals):
[CAMERA_LEFT]
resolution = [1280 960]
cx         = 705.423043  // +/- 0.016
cy         = 474.747205  // +/- 0.016
fx         = 1277.136241  // +/- 0.102
fy         = 1278.673388  // +/- 0.118
dist       = [-1.240351e-001 -1.647745e-001 -3.711610e-004 1.541932e-003 1.069846e+000]    // The order is: [K1 K2 T1 T2 K3]

# Right camera (RGB in Kinect) calibration parameters  (and 95% confidence intervals):
[CAMERA_RIGHT]
resolution = [1280 960]
cx         = 557.340403  // +/- 0.016
cy         = 455.471094  // +/- 0.016
fx         = 1282.920417  // +/- 0.095
fy         = 1288.183904  // +/- 0.107
dist       = [-1.468989e-001 2.050176e-001 1.461114e-004 -1.599006e-003 -5.291320e-001]    // The order is: [K1 K2 T1 T2 K3]

# Relative pose of the right camera wrt to the left camera:
# This assumes that both camera frames are such that +Z points
# forwards, and +X and +Y to the right and downwards.
[CAMERA_LEFT2RIGHT_POSE]
translation_only     = [8.586904e-001 1.222670e-001 4.925481e-002]
rotation_matrix_only = [9.5356023567241e-001 -2.8720332503705e-001 -9.0758619601890e-002 ;2.8868506455864e-001 9.5741821967924e-001 3.3594831438298e-003 ;8.5929101270474e-002 -2.9404127497393e-002 9.9586725362418e-001 ]
pose_yaw_pitch_roll  = [0.858690 0.122267 0.049255 16.843397 -4.929454 -1.691233]  // (YPR in degrees)
pose_quaternion      = [0.858690 0.122267 0.049255 0.988287 -0.008288 -0.044695 0.145678]

# Info about calibration parameters:
[CALIB_METAINFO]
number_good_cheesboards = 10
average_reprojection_error = 1.023022 // RMSE pixels
cheesboard_nx = 7
cheesboard_ny = 9
cheesboard_square_size_x = 0.104000 // (m)
cheesboard_square_size_y = 0.104000 // (m)

